line
 0.5108957015067944 0.2931310507067453 -0.12085058262543777 0.5913977860388305
line
 -0.12085058262543777 0.5913977860388305 -0.4304687084459709 0.38514492012769125
line
 -0.4304687084459709 0.38514492012769125 0.6089677606042411 -0.09592053092300928
line
 0.6089677606042411 -0.09592053092300928 0.5108957015067944 0.2931310507067453
line
 0.13746907706956188 -0.6727225145427449 0.6089677606042411 -0.09592053092300928
line
 0.6089677606042411 -0.09592053092300928 -0.4304687084459709 0.38514492012769125
line
 -0.4304687084459709 0.38514492012769125 -0.6028484774208541 -0.34588979136475756
line
 -0.6028484774208541 -0.34588979136475756 0.13746907706956188 -0.6727225145427449
delay
0.1
clrscr
line
 0.5185881630597972 0.30962411721097965 -0.12571537064878044 0.5515279445024727
line
 -0.12571537064878044 0.5515279445024727 -0.4988326881532054 0.41229111988773265
line
 -0.4988326881532054 0.41229111988773265 0.5522969876795997 -0.0028992619163594005
line
 0.5522969876795997 -0.0028992619163594005 0.5185881630597972 0.30962411721097965
line
 0.1569428443403806 -0.6885265015464624 0.5522969876795997 -0.0028992619163594005
line
 0.5522969876795997 -0.0028992619163594005 -0.4988326881532054 0.41229111988773265
line
 -0.4988326881532054 0.41229111988773265 -0.5892012037919148 -0.3517837767590589
line
 -0.5892012037919148 -0.3517837767590589 0.1569428443403806 -0.6885265015464624
delay
0.1
clrscr
line
 0.3120297138592763 -0.24026248975876996 0.5228430340980057 0.32862446413766216
line
 0.5228430340980057 0.32862446413766216 0.47429307329361436 0.09911403297084605
line
 0.47429307329361436 0.09911403297084605 0.16904712935136287 -0.6978782196949032
line
 0.16904712935136287 -0.6978782196949032 0.3120297138592763 -0.24026248975876996
line
 0.5228430340980057 0.32862446413766216 -0.12344539341162475 0.5096203154362944
line
 -0.12344539341162475 0.5096203154362944 -0.5486734695537866 0.42247788593309443
line
 -0.5486734695537866 0.42247788593309443 0.47429307329361436 0.09911403297084605
line
 0.47429307329361436 0.09911403297084605 0.5228430340980057 0.32862446413766216
line
 0.16904712935136287 -0.6978782196949032 0.47429307329361436 0.09911403297084605
line
 0.47429307329361436 0.09911403297084605 -0.5486734695537866 0.42247788593309443
line
 -0.5486734695537866 0.42247788593309443 -0.5731732784656579 -0.3602587186013775
line
 -0.5731732784656579 -0.3602587186013775 0.16904712935136287 -0.6978782196949032
delay
0.1
clrscr
line
 0.3660284880369196 -0.26336490252442657 0.5233808250485255 0.34980538096387503
line
 0.5233808250485255 0.34980538096387503 0.37744972736455085 0.20495325762727454
line
 0.37744972736455085 0.20495325762727454 0.17221886833620023 -0.6994417182112309
line
 0.17221886833620023 -0.6994417182112309 0.3660284880369196 -0.26336490252442657
line
 0.5233808250485255 0.34980538096387503 -0.11488209556032201 0.46657681058242245
line
 -0.11488209556032201 0.46657681058242245 -0.5810927461500996 0.41810798735435034
line
 -0.5810927461500996 0.41810798735435034 0.37744972736455085 0.20495325762727454
line
 0.37744972736455085 0.20495325762727454 0.5233808250485255 0.34980538096387503
line
 0.17221886833620023 -0.6994417182112309 0.37744972736455085 0.20495325762727454
line
 0.37744972736455085 0.20495325762727454 -0.5810927461500996 0.41810798735435034
line
 -0.5810927461500996 0.41810798735435034 -0.5551500106155453 -0.37103854719451224
line
 -0.5551500106155453 -0.37103854719451224 0.17221886833620023 -0.6994417182112309
delay
0.1
clrscr
line
 0.4197128752516165 -0.28205235295669107 0.5200083074902675 0.372742138567472
line
 0.5200083074902675 0.372742138567472 0.26651493078617594 0.30839460087441634
line
 0.26651493078617594 0.30839460087441634 0.16482692384830144 -0.6918307858727314
line
 0.16482692384830144 -0.6918307858727314 0.4197128752516165 -0.28205235295669107
line
 0.5200083074902675 0.372742138567472 -0.10080773444642245 0.42312197859316386
line
 -0.10080773444642245 0.42312197859316386 -0.5979802046452743 0.40185024974659433
line
 -0.5979802046452743 0.40185024974659433 0.26651493078617594 0.30839460087441634
line
 0.26651493078617594 0.30839460087441634 0.5200083074902675 0.372742138567472
line
 0.16482692384830144 -0.6918307858727314 0.26651493078617594 0.30839460087441634
line
 0.26651493078617594 0.30839460087441634 -0.5979802046452743 0.40185024974659433
line
 -0.5979802046452743 0.40185024974659433 -0.5355006666900723 -0.3838470671165199
line
 -0.5355006666900723 -0.3838470671165199 0.16482692384830144 -0.6918307858727314
delay
0.1
clrscr
line
 0.4723886293899222 -0.29548870507443137 0.5126411812761363 0.39691609733520156
line
 0.5126411812761363 0.39691609733520156 0.147983728395113 0.4030612458926807
line
 0.147983728395113 0.4030612458926807 0.14531867132070042 -0.6737373280905801
line
 0.14531867132070042 -0.6737373280905801 0.4723886293899222 -0.29548870507443137
line
 0.5126411812761363 0.39691609733520156 -0.081925700520878 0.37983008012145747
line
 -0.081925700520878 0.37983008012145747 -0.6015563497441097 0.37628574389005137
line
 -0.6015563497441097 0.37628574389005137 0.147983728395113 0.4030612458926807
line
 0.147983728395113 0.4030612458926807 0.5126411812761363 0.39691609733520156
line
 0.14531867132070042 -0.6737373280905801 0.147983728395113 0.4030612458926807
line
 0.147983728395113 0.4030612458926807 -0.6015563497441097 0.37628574389005137
line
 -0.6015563497441097 0.37628574389005137 -0.5145751319095212 -0.398413472430841
line
 -0.5145751319095212 -0.398413472430841 0.14531867132070042 -0.6737373280905801
delay
0.1
clrscr
line
 0.5231216877475481 -0.3026675387940484 0.501323308508172 0.4217266936672443
line
 0.501323308508172 0.4217266936672443 0.029113157634065877 0.4834548592433832
line
 0.029113157634065877 0.4834548592433832 0.11243793295086328 -0.6441205706992706
line
 0.11243793295086328 -0.6441205706992706 0.5231216877475481 -0.3026675387940484
line
 0.11243793295086328 -0.6441205706992706 0.029113157634065877 0.4834548592433832
line
 0.029113157634065877 0.4834548592433832 -0.5940529015092726 0.34370689234364954
line
 -0.5940529015092726 0.34370689234364954 -0.4927032697314284 -0.4144752844650323
line
 -0.4927032697314284 -0.4144752844650323 0.11243793295086328 -0.6441205706992706
delay
0.1
clrscr
line
 0.5706790955528369 -0.3024080311249429 0.48623963798864694 0.44651175820031325
line
 0.48623963798864694 0.44651175820031325 -0.08324219655803894 0.5457806840114906
line
 -0.08324219655803894 0.5457806840114906 0.06550581165384473 -0.602449013058834
line
 0.06550581165384473 -0.602449013058834 0.5706790955528369 -0.3024080311249429
line
 0.06550581165384473 -0.602449013058834 -0.08324219655803894 0.5457806840114906
line
 -0.08324219655803894 0.5457806840114906 -0.5775232615266519 0.3060348167790217
line
 -0.5775232615266519 0.3060348167790217 -0.47019628431798305 -0.4317792158585372
line
 -0.47019628431798305 -0.4317792158585372 0.06550581165384473 -0.602449013058834
delay
0.1
clrscr
line
 0.6134714208022026 -0.2933716860609294 0.46772021103789624 0.4705755008742022
line
 0.46772021103789624 0.4705755008742022 -0.18360069088671738 0.5883190179193682
line
 -0.18360069088671738 0.5883190179193682 0.004726969308827176 -0.5489619784637451
line
 0.004726969308827176 -0.5489619784637451 0.6134714208022026 -0.2933716860609294
line
 0.004726969308827176 -0.5489619784637451 -0.18360069088671738 0.5883190179193682
line
 -0.18360069088671738 0.5883190179193682 -0.553752288862627 0.26481305751993134
line
 -0.553752288862627 0.26481305751993134 -0.4473494920116028 -0.45008042479507804
line
 -0.4473494920116028 -0.45008042479507804 0.004726969308827176 -0.5489619784637451
delay
0.1
clrscr
line
 0.6495095711891403 -0.27411413456082073 0.4462334605776952 0.49322224388052294
line
 0.4462334605776952 0.49322224388052294 -0.2683741748607391 0.611300605882923
line
 -0.2683741748607391 0.611300605882923 -0.06855084296244615 -0.48488795730662104
line
 -0.06855084296244615 -0.48488795730662104 0.6495095711891403 -0.27411413456082073
line
 -0.06855084296244615 -0.48488795730662104 -0.2683741748607391 0.611300605882923
line
 -0.2683741748607391 0.611300605882923 -0.5242315293118919 0.22124273196426672
line
 -0.5242315293118919 0.22124273196426672 -0.4244460149771502 -0.46914056073284105
line
 -0.4244460149771502 -0.46914056073284105 -0.06855084296244615 -0.48488795730662104
delay
0.1
clrscr
line
 0.6763978492757069 -0.24319011662132645 0.4223683269021583 0.513792856716793
line
 0.4223683269021583 0.513792856716793 -0.3358988785959998 0.6164322690785203
line
 -0.3358988785959998 0.6164322690785203 -0.15172019737680328 -0.4125370295501417
line
 -0.15172019737680328 -0.4125370295501417 0.6763978492757069 -0.24319011662132645
line
 0.197034125795029 -0.361591541351394 0.6763978492757069 -0.24319011662132645
line
 0.6763978492757069 -0.24319011662132645 -0.15172019737680328 -0.4125370295501417
line
 -0.15172019737680328 -0.4125370295501417 -0.401761004486952 -0.488724937607779
line
 -0.401761004486952 -0.488724937607779 0.197034125795029 -0.361591541351394
line
 -0.15172019737680328 -0.4125370295501417 -0.3358988785959998 0.6164322690785203
line
 -0.3358988785959998 0.6164322690785203 -0.49017220686659274 0.17623509045758423
line
 -0.49017220686659274 0.17623509045758423 -0.401761004486952 -0.488724937607779
line
 -0.401761004486952 -0.488724937607779 -0.15172019737680328 -0.4125370295501417
delay
0.1
clrscr
line
 0.6913953400934861 -0.19933056438432503 0.3968062974669653 0.5317001349763721
line
 0.3968062974669653 0.5317001349763721 -0.3861121551182973 0.6062942063285534
line
 -0.3861121551182973 0.6062942063285534 -0.241026969706832 -0.33519404872184533
line
 -0.241026969706832 -0.33519404872184533 0.6913953400934861 -0.19933056438432503
line
 0.2500646122758043 -0.3926649902647198 0.6913953400934861 -0.19933056438432503
line
 0.6913953400934861 -0.19933056438432503 -0.241026969706832 -0.33519404872184533
line
 -0.241026969706832 -0.33519404872184533 -0.3795660722868078 -0.5085991153760571
line
 -0.3795660722868078 -0.5085991153760571 0.2500646122758043 -0.3926649902647198
line
 -0.241026969706832 -0.33519404872184533 -0.3861121551182973 0.6062942063285534
line
 -0.3861121551182973 0.6062942063285534 -0.45253667471942954 0.130467166244182
line
 -0.45253667471942954 0.130467166244182 -0.3795660722868078 -0.5085991153760571
line
 -0.3795660722868078 -0.5085991153760571 -0.241026969706832 -0.33519404872184533
delay
0.1
clrscr
line
 0.691585258129227 -0.14170374962934434 0.37028600199076295 0.5464592844257568
line
 0.37028600199076295 0.5464592844257568 -0.4200718161174064 0.5837921466628633
line
 -0.4200718161174064 0.5837921466628633 -0.3319423620618541 -0.2567895484935726
line
 -0.3319423620618541 -0.2567895484935726 0.691585258129227 -0.14170374962934434
line
 0.30257417701029743 -0.4205005466784786 0.691585258129227 -0.14170374962934434
line
 0.691585258129227 -0.14170374962934434 -0.3319423620618541 -0.2567895484935726
line
 -0.3319423620618541 -0.2567895484935726 -0.35813365114770385 -0.5285251337690045
line
 -0.35813365114770385 -0.5285251337690045 0.30257417701029743 -0.4205005466784786
line
 -0.3319423620618541 -0.2567895484935726 -0.4200718161174064 0.5837921466628633
line
 -0.4200718161174064 0.5837921466628633 -0.4120763574019688 0.08443321237849429
line
 -0.4120763574019688 0.08443321237849429 -0.35813365114770385 -0.5285251337690045
line
 -0.35813365114770385 -0.5285251337690045 -0.3319423620618541 -0.2567895484935726
delay
0.1
clrscr
line
 0.6741884328830647 -0.07025170164947994 0.3435641055912803 0.5577102904466781
line
 0.3435641055912803 0.5577102904466781 -0.4394800964693093 0.5517586542951343
line
 -0.4394800964693093 0.5517586542951343 -0.4197322921358105 -0.18140411077702495
line
 -0.4197322921358105 -0.18140411077702495 0.6741884328830647 -0.07025170164947994
line
 0.3539330032131118 -0.444355954074793 0.6741884328830647 -0.07025170164947994
line
 0.6741884328830647 -0.07025170164947994 -0.4197322921358105 -0.18140411077702495
line
 -0.4197322921358105 -0.18140411077702495 -0.33774101854420885 -0.5482576278563026
line
 -0.33774101854420885 -0.5482576278563026 0.3539330032131118 -0.444355954074793
line
 -0.4394800964693093 0.5517586542951343 -0.3693695506010603 0.038489001296361444
line
 -0.3693695506010603 0.038489001296361444 -0.33774101854420885 -0.5482576278563026
line
 -0.33774101854420885 -0.5482576278563026 -0.4197322921358105 -0.18140411077702495
delay
0.1
clrscr
line
 0.6370310335963184 0.01394537456005624 0.31737668264197655 0.5652301486760076
line
 0.31737668264197655 0.5652301486760076 -0.44630187782959624 0.5127182021024679
line
 -0.44630187782959624 0.5127182021024679 -0.5000810902600165 -0.11273111347409324
line
 -0.5000810902600165 -0.11273111347409324 0.6370310335963184 0.01394537456005624
line
 0.40328278427796094 -0.46329723078785945 0.6370310335963184 0.01394537456005624
line
 0.6370310335963184 0.01394537456005624 -0.5000810902600165 -0.11273111347409324
line
 -0.5000810902600165 -0.11273111347409324 -0.3186737010172669 -0.567540065973643
line
 -0.3186737010172669 -0.567540065973643 0.40328278427796094 -0.46329723078785945
delay
0.1
clrscr
line
 0.57911917708932 0.10837461719968318 0.2924049428684221 0.5689344302944707
line
 0.2924049428684221 0.5689344302944707 -0.44250282111121547 0.46878549617206977
line
 -0.44250282111121547 0.46878549617206977 -0.5696027947422533 -0.05364137168817496
line
 -0.5696027947422533 -0.05364137168817496 0.57911917708932 0.10837461719968318
line
 0.44947522462109496 -0.4761720290549172 0.57911917708932 0.10837461719968318
line
 0.57911917708932 0.10837461719968318 -0.5696027947422533 -0.05364137168817496
line
 -0.5696027947422533 -0.05364137168817496 -0.30122793360335165 -0.5861013877269561
line
 -0.30122793360335165 -0.5861013877269561 0.44947522462109496 -0.4761720290549172
delay
0.1
clrscr
line
 0.5011917278367499 0.20900373723738844 0.26924823815826143 0.5688691156301905
line
 0.26924823815826143 0.5688691156301905 -0.4298949587761139 0.4216530036841236
line
 -0.4298949587761139 0.4216530036841236 -0.6261223173372256 -0.005949292980276201
line
 -0.6261223173372256 -0.005949292980276201 0.5011917278367499 0.20900373723738844
line
 0.4910074078670468 -0.4815938036298723 0.5011917278367499 0.20900373723738844
line
 0.5011917278367499 0.20900373723738844 -0.6261223173372256 -0.005949292980276201
line
 -0.6261223173372256 -0.005949292980276201 -0.28571178355051535 -0.603653382266409
line
 -0.28571178355051535 -0.603653382266409 0.4910074078670468 -0.4815938036298723
delay
0.1
clrscr
line
 0.4060542522968683 0.310529951508931 0.24840596946315152 0.5651947568521698
line
 0.24840596946315152 0.5651947568521698 -0.4100626071740061 0.3726283550279024
line
 -0.4100626071740061 0.3726283550279024 -0.6686997129194191 0.029598952102545817
line
 -0.6686997129194191 0.029598952102545817 0.4060542522968683 0.310529951508931
line
 0.5259644920878072 -0.47794965954210894 0.4060542522968683 0.310529951508931
line
 0.4060542522968683 0.310529951508931 -0.6686997129194191 0.029598952102545817
line
 -0.6686997129194191 0.029598952102545817 -0.27244446897737556 -0.6198892310525906
line
 -0.27244446897737556 -0.6198892310525906 0.5259644920878072 -0.47794965954210894
delay
0.1
clrscr
line
 0.2985012527160108 0.4070024945854931 0.2302686537625959 0.5581656525466693
line
 0.2302686537625959 0.5581656525466693 -0.3843409830790821 0.32269346154903017
line
 -0.3843409830790821 0.32269346154903017 -0.6974529339436981 0.05316513650040938
line
 -0.6974529339436981 0.05316513650040938 0.2985012527160108 0.4070024945854931
line
 0.5519893068298303 -0.46345133098209557 0.2985012527160108 0.4070024945854931
line
 0.2985012527160108 0.4070024945854931 -0.6974529339436981 0.05316513650040938
line
 -0.6974529339436981 0.05316513650040938 -0.2617533256155729 -0.6344837363278553
line
 -0.2617533256155729 -0.6344837363278553 0.5519893068298303 -0.46345133098209557
line
 0.5519893068298303 -0.46345133098209557 0.4056586775279689 -0.030922371838629337
line
 0.4056586775279689 -0.030922371838629337 0.2302686537625959 0.5581656525466693
line
 0.2302686537625959 0.5581656525466693 0.2985012527160108 0.4070024945854931
line
 0.2985012527160108 0.4070024945854931 0.5519893068298303 -0.46345133098209557
delay
0.1
clrscr
line
 0.18475052883252832 0.49270306946965065 0.2151172698298945 0.5481068116419575
line
 0.2151172698298945 0.5481068116419575 -0.3538254955359761 0.27256812931349755
line
 -0.3538254955359761 0.27256812931349755 -0.713273801840005 0.06556931259486685
line
 -0.713273801840005 0.06556931259486685 0.18475052883252832 0.49270306946965065
line
 0.5663105456859566 -0.4362551822736936 0.18475052883252832 0.49270306946965065
line
 0.18475052883252832 0.49270306946965065 -0.713273801840005 0.06556931259486685
line
 -0.713273801840005 0.06556931259486685 -0.2539678210797483 -0.6470958504714687
line
 -0.2539678210797483 -0.6470958504714687 0.5663105456859566 -0.4362551822736936
line
 0.5663105456859566 -0.4362551822736936 0.45110789139439633 -0.041469116443849534
line
 0.45110789139439633 -0.041469116443849534 0.2151172698298945 0.5481068116419575
line
 0.2151172698298945 0.5481068116419575 0.18475052883252832 0.49270306946965065
line
 0.18475052883252832 0.49270306946965065 0.5663105456859566 -0.4362551822736936
delay
0.1
clrscr
line
 0.5658736163971397 -0.39467940505839577 0.07150892940103311 0.5630319666184543
line
 0.07150892940103311 0.5630319666184543 -0.7175267651406542 0.06802802573929778
line
 -0.7175267651406542 0.06802802573929778 -0.24941001937157112 -0.6573741861591557
line
 -0.24941001937157112 -0.6573741861591557 0.5658736163971397 -0.39467940505839577
line
 0.5658736163971397 -0.39467940505839577 0.4957704643271947 -0.04700352313885151
line
 0.4957704643271947 -0.04700352313885151 0.20312923811693895 0.5353911520022625
line
 0.20312923811693895 0.5353911520022625 0.07150892940103311 0.5630319666184543
line
 0.07150892940103311 0.5630319666184543 0.5658736163971397 -0.39467940505839577
delay
0.1
clrscr
line
 0.5476232890465078 -0.3375372647631244 -0.03504762430108047 0.6151235068643591
line
 -0.03504762430108047 0.6151235068643591 -0.7117898264272635 0.06193097921632707
line
 -0.7117898264272635 0.06193097921632707 -0.24838100232472599 -0.6649661843579173
line
 -0.24838100232472599 -0.6649661843579173 0.5476232890465078 -0.3375372647631244
line
 0.5476232890465078 -0.3375372647631244 0.5389157976915776 -0.04688966015953307
line
 0.5389157976915776 -0.04688966015953307 0.1943890422265762 0.5204187859802697
line
 0.1943890422265762 0.5204187859802697 -0.03504762430108047 0.6151235068643591
line
 -0.03504762430108047 0.6151235068643591 0.5476232890465078 -0.3375372647631244
delay
0.1
clrscr
line
 0.508971450404264 -0.26457454926153967 -0.13007195423288972 0.6480296595109617
line
 -0.13007195423288972 0.6480296595109617 -0.6976633249478689 0.048677478697156495
line
 -0.6976633249478689 0.048677478697156495 -0.25114301020242513 -0.6695314967171715
line
 -0.25114301020242513 -0.6695314967171715 0.508971450404264 -0.26457454926153967
line
 0.508971450404264 -0.26457454926153967 0.5796430353727391 -0.04044294790530944
line
 0.5796430353727391 -0.04044294790530944 0.18890150917875903 0.5035995629368535
line
 0.18890150917875903 0.5035995629368535 -0.13007195423288972 0.6480296595109617
line
 -0.13007195423288972 0.6480296595109617 0.508971450404264 -0.26457454926153967
delay
0.1
clrscr
line
 0.6168597673872589 -0.026959742199267337 0.4484305428594326 -0.1769414672106954
line
 0.4484305428594326 -0.1769414672106954 -0.25789751820825735 -0.6707598453678135
line
 -0.25789751820825735 -0.6707598453678135 0.12058716858007819 -0.3796294464339906
line
 0.12058716858007819 -0.3796294464339906 0.6168597673872589 -0.026959742199267337
line
 0.4484305428594326 -0.1769414672106954 -0.21043679954037192 0.6624917614331486
line
 -0.21043679954037192 0.6624917614331486 -0.676647517087847 0.029572754757096007
line
 -0.676647517087847 0.029572754757096007 -0.25789751820825735 -0.6707598453678135
line
 -0.25789751820825735 -0.6707598453678135 0.4484305428594326 -0.1769414672106954
line
 0.4484305428594326 -0.1769414672106954 0.6168597673872589 -0.026959742199267337
line
 0.6168597673872589 -0.026959742199267337 0.1866060234057156 0.4853394025422334
line
 0.1866060234057156 0.4853394025422334 -0.21043679954037192 0.6624917614331486
line
 -0.21043679954037192 0.6624917614331486 0.4484305428594326 -0.1769414672106954
delay
0.1
clrscr
line
 0.6492723285478535 -0.005766119997363592 0.3662991491401457 -0.07755522812309036
line
 0.3662991491401457 -0.07755522812309036 -0.2687601446431979 -0.6683931096405902
line
 -0.2687601446431979 -0.6683931096405902 0.17219762272046615 -0.4139888520781404
line
 0.17219762272046615 -0.4139888520781404 0.6492723285478535 -0.005766119997363592
line
 0.3662991491401457 -0.07755522812309036 -0.2747154751469691 0.6604571097291787
line
 -0.2747154751469691 0.6604571097291787 -0.6500768841702798 0.005773265172137694
line
 -0.6500768841702798 0.005773265172137694 -0.2687601446431979 -0.6683931096405902
line
 -0.2687601446431979 -0.6683931096405902 0.3662991491401457 -0.07755522812309036
line
 0.3662991491401457 -0.07755522812309036 0.6492723285478535 -0.005766119997363592
line
 0.6492723285478535 -0.005766119997363592 0.1873903361736151 0.46603044390364806
line
 0.1873903361736151 0.46603044390364806 -0.2747154751469691 0.6604571097291787
line
 -0.2747154751469691 0.6604571097291787 0.3662991491401457 -0.07755522812309036
delay
0.1
clrscr
line
 0.6753969291235402 0.02370951085190625 0.26517989756844634 0.028840100425114545
line
 0.26517989756844634 0.028840100425114545 -0.28373416573952404 -0.6622506413776432
line
 -0.28373416573952404 -0.6622506413776432 0.22334613111847665 -0.44584347148909953
line
 0.22334613111847665 -0.44584347148909953 0.6753969291235402 0.02370951085190625
line
 0.26517989756844634 0.028840100425114545 -0.32287929997390785 0.6445315495345448
line
 -0.32287929997390785 0.6445315495345448 -0.6190951995262823 -0.02173306350471509
line
 -0.6190951995262823 -0.02173306350471509 -0.28373416573952404 -0.6622506413776432
line
 -0.28373416573952404 -0.6622506413776432 0.26517989756844634 0.028840100425114545
line
 0.26517989756844634 0.028840100425114545 0.6753969291235402 0.02370951085190625
line
 0.6753969291235402 0.02370951085190625 0.19110304830975056 0.44604468405309694
line
 0.19110304830975056 0.44604468405309694 -0.32287929997390785 0.6445315495345448
line
 -0.32287929997390785 0.6445315495345448 0.26517989756844634 0.028840100425114545
delay
0.1
clrscr
line
 0.6936032490219379 0.06183743551109708 0.15006416049856575 0.1360740147733517
line
 0.15006416049856575 0.1360740147733517 -0.3026853882769848 -0.6522558773535697
line
 -0.3026853882769848 -0.6522558773535697 0.27351244704883226 -0.4745936996123761
line
 0.27351244704883226 -0.4745936996123761 0.6936032490219379 0.06183743551109708
line
 0.15006416049856575 0.1360740147733517 -0.3558762669844808 0.6175098646324203
line
 -0.3558762669844808 0.6175098646324203 -0.5846566748101348 -0.05212442340154128
line
 -0.5846566748101348 -0.05212442340154128 -0.3026853882769848 -0.6522558773535697
line
 -0.3026853882769848 -0.6522558773535697 0.15006416049856575 0.1360740147733517
line
 0.15006416049856575 0.1360740147733517 0.6936032490219379 0.06183743551109708
line
 0.6936032490219379 0.06183743551109708 0.19756422214857847 0.4257305771670606
line
 0.19756422214857847 0.4257305771670606 -0.3558762669844808 0.6175098646324203
line
 -0.3558762669844808 0.6175098646324203 0.15006416049856575 0.1360740147733517
delay
0.1
clrscr
line
 0.7022027986319248 0.1086636133771049 0.02781249435678815 0.23741276360288227
line
 0.02781249435678815 0.23741276360288227 -0.32532200170964054 -0.6384613395290853
line
 -0.32532200170964054 -0.6384613395290853 0.32198778793742144 -0.4994719551252245
line
 0.32198778793742144 -0.4994719551252245 0.7022027986319248 0.1086636133771049
line
 0.02781249435678815 0.23741276360288227 -0.3752209782626425 0.582048023676181
line
 -0.3752209782626425 0.582048023676181 -0.5475418463153773 -0.08473033091254807
line
 -0.5475418463153773 -0.08473033091254807 -0.32532200170964054 -0.6384613395290853
line
 -0.32532200170964054 -0.6384613395290853 0.02781249435678815 0.23741276360288227
line
 0.02781249435678815 0.23741276360288227 0.7022027986319248 0.1086636133771049
line
 0.7022027986319248 0.1086636133771049 0.2065738831650419 0.4054119840163551
line
 0.2065738831650419 0.4054119840163551 -0.3752209782626425 0.582048023676181
line
 -0.3752209782626425 0.582048023676181 0.02781249435678815 0.23741276360288227
delay
0.1
clrscr
line
 0.699591221268786 0.16377330416213473 -0.09390266781631305 0.3266681984034399
line
 -0.09390266781631305 0.3266681984034399 -0.35118350739400583 -0.6210683316180748
line
 -0.35118350739400583 -0.6210683316180748 0.367821300803609 -0.519511695522049
line
 0.367821300803609 -0.519511695522049 0.699591221268786 0.16377330416213473
line
 -0.09390266781631305 0.3266681984034399 -0.3826662322480766 0.5404787126245786
line
 -0.3826662322480766 0.5404787126245786 -0.5083804136718422 -0.1190111276230008
line
 -0.5083804136718422 -0.1190111276230008 -0.35118350739400583 -0.6210683316180748
line
 -0.35118350739400583 -0.6210683316180748 -0.09390266781631305 0.3266681984034399
line
 -0.09390266781631305 0.3266681984034399 0.699591221268786 0.16377330416213473
line
 0.699591221268786 0.16377330416213473 0.21791839294234905 0.38538886332652095
line
 0.21791839294234905 0.38538886332652095 -0.3826662322480766 0.5404787126245786
line
 -0.3826662322480766 0.5404787126245786 -0.09390266781631305 0.3266681984034399
delay
0.1
clrscr
line
 0.684444514610294 0.22616341054909636 -0.20786929759164394 0.39918991340250853
line
 -0.20786929759164394 0.39918991340250853 -0.37964258860528416 -0.6004373596750818
line
 -0.37964258860528416 -0.6004373596750818 0.40976108019738683 -0.5335202349937124
line
 0.40976108019738683 -0.5335202349937124 0.684444514610294 0.22616341054909636
line
 -0.20786929759164394 0.39918991340250853 -0.37997580266358116 0.4947389816313041
line
 -0.37997580266358116 0.4947389816313041 -0.46767619437771185 -0.1545358913619302
line
 -0.46767619437771185 -0.1545358913619302 -0.37964258860528416 -0.6004373596750818
line
 -0.37964258860528416 -0.6004373596750818 -0.20786929759164394 0.39918991340250853
line
 -0.20786929759164394 0.39918991340250853 0.684444514610294 0.22616341054909636
line
 0.684444514610294 0.22616341054909636 0.2313748195180996 0.36593914881132655
line
 0.2313748195180996 0.36593914881132655 -0.37997580266358116 0.4947389816313041
line
 -0.37997580266358116 0.4947389816313041 -0.20786929759164394 0.39918991340250853
delay
0.1
clrscr
line
 0.6559528064962414 0.2941572254106389 -0.3084007259539917 0.4524220134126175
line
 -0.3084007259539917 0.4524220134126175 -0.40992261456457846 -0.5770858092347233
line
 -0.40992261456457846 -0.5770858092347233 0.44619609699644813 -0.5400638465663137
line
 0.44619609699644813 -0.5400638465663137 0.6559528064962414 0.2941572254106389
line
 -0.3084007259539917 0.4524220134126175 -0.368787900304636 0.44637103136117606
line
 -0.368787900304636 0.44637103136117606 -0.42583150857770014 -0.19096101703524104
line
 -0.42583150857770014 -0.19096101703524104 -0.40992261456457846 -0.5770858092347233
line
 -0.40992261456457846 -0.5770858092347233 -0.3084007259539917 0.4524220134126175
line
 -0.3084007259539917 0.4524220134126175 0.6559528064962414 0.2941572254106389
line
 0.6559528064962414 0.2941572254106389 0.24671351381470963 0.34732133019822525
line
 0.24671351381470963 0.34732133019822525 -0.368787900304636 0.44637103136117606
line
 -0.368787900304636 0.44637103136117606 -0.3084007259539917 0.4524220134126175
delay
0.1
clrscr
line
 0.6140541062921125 0.365401455577752 -0.39189676036334314 0.48591421836323323
line
 -0.39189676036334314 0.48591421836323323 -0.44113136301996064 -0.5516708367791183
line
 -0.44113136301996064 -0.5516708367791183 0.4751120372362245 -0.5374791884790563
line
 0.4751120372362245 -0.5374791884790563 0.6140541062921125 0.365401455577752
line
 -0.3505471021719807 0.3965628256760061 -0.3831697434668623 -0.2280104970579589
line
 -0.3831697434668623 -0.2280104970579589 -0.44113136301996064 -0.5516708367791183
line
 -0.44113136301996064 -0.5516708367791183 -0.39189676036334314 0.48591421836323323
delay
0.1
clrscr
line
 0.5596116996163547 0.43697893926457176 -0.4568535942958494 0.500904901170648
line
 -0.4568535942958494 0.500904901170648 -0.47230881820284815 -0.5249576460500952
line
 -0.47230881820284815 -0.5249576460500952 0.4940837198575346 -0.5239319076074022
line
 0.4940837198575346 -0.5239319076074022 0.5596116996163547 0.43697893926457176
delay
0.1
clrscr
line
 0.49447389142061043 0.505646755926619 -0.5034801641475447 0.49970925674769756
line
 -0.5034801641475447 0.49970925674769756 -0.5024841745497736 -0.49777588114203203
line
 -0.5024841745497736 -0.49777588114203203 0.500338543622601 -0.49754940781778934
line
 0.500338543622601 -0.49754940781778934 0.49447389142061043 0.505646755926619
delay
0.1
clrscr
line
 0.4213733310073223 0.5681718930245613 -0.5331488157052977 0.48512627364075916
line
 -0.5331488157052977 0.48512627364075916 -0.5307352028903715 -0.47096912908711064
line
 -0.5307352028903715 -0.47096912908711064 0.4909352979393203 -0.45665555847042366
line
 0.4909352979393203 -0.45665555847042366 0.4213733310073223 0.5681718930245613
delay
0.1
clrscr
line
 0.34316387790309294 0.2747469196702421 0.34366492532360265 0.6216991386640537
line
 0.34366492532360265 0.6216991386640537 0.46310155914302475 -0.40012244252005186
line
 0.41229616095194277 -0.3461635247780674 0.34316387790309294 0.2747469196702421
line
 0.34366492532360265 0.6216991386640537 -0.5478645726618789 0.45998665409783257
line
 -0.5478645726618789 0.45998665409783257 -0.5562425239627872 -0.4453438426626406
line
 -0.5562425239627872 -0.4453438426626406 0.46310155914302475 -0.40012244252005186
line
 0.46310155914302475 -0.40012244252005186 0.34366492532360265 0.6216991386640537
line
 -0.20914597112261546 -0.3783507146664786 0.41229616095194277 -0.3461635247780674
line
 0.41229616095194277 -0.3461635247780674 0.46310155914302475 -0.40012244252005186
delay
0.1
clrscr
line
 0.36458638576551117 0.265795919207845 0.2649517387693787 0.6640672799812998
line
 0.2649517387693787 0.6640672799812998 0.41474654546901524 -0.32781850148128416
line
 0.41474654546901524 -0.32781850148128416 0.4643548821281101 -0.36049831253499665
line
 0.4643548821281101 -0.36049831253499665 0.36458638576551117 0.265795919207845
line
 0.2649517387693787 0.6640672799812998 -0.549850742352987 0.4268723607598042
line
 -0.549850742352987 0.4268723607598042 -0.5783322978486434 -0.4216239846463479
line
 -0.5783322978486434 -0.4216239846463479 0.41474654546901524 -0.32781850148128416
line
 0.41474654546901524 -0.32781850148128416 0.2649517387693787 0.6640672799812998
line
 -0.16581493521812232 -0.41559369839206334 0.4643548821281101 -0.36049831253499665
line
 0.4643548821281101 -0.36049831253499665 0.41474654546901524 -0.32781850148128416
line
 0.41474654546901524 -0.32781850148128416 -0.5783322978486434 -0.4216239846463479
line
 -0.5783322978486434 -0.4216239846463479 -0.16581493521812232 -0.41559369839206334
delay
0.1
clrscr
line
 0.38605213174833425 0.25914634889218746 0.18868413706419312 0.6940020230079283
line
 0.18868413706419312 0.6940020230079283 0.34510171294497066 -0.24107024480905767
line
 0.34510171294497066 -0.24107024480905767 0.5138831850721401 -0.3683487139747885
line
 0.5138831850721401 -0.3683487139747885 0.38605213174833425 0.25914634889218746
line
 0.18868413706419312 0.6940020230079283 -0.5412743289018646 0.3879825391262402
line
 -0.5412743289018646 0.3879825391262402 -0.5965030973308443 -0.4004163869685365
line
 -0.5965030973308443 -0.4004163869685365 0.34510171294497066 -0.24107024480905767
line
 0.34510171294497066 -0.24107024480905767 0.18868413706419312 0.6940020230079283
line
 -0.12297895402011626 -0.4523307799230794 0.5138831850721401 -0.3683487139747885
line
 0.5138831850721401 -0.3683487139747885 0.34510171294497066 -0.24107024480905767
line
 0.34510171294497066 -0.24107024480905767 -0.5965030973308443 -0.4004163869685365
line
 -0.5965030973308443 -0.4004163869685365 -0.12297895402011626 -0.4523307799230794
delay
0.1
clrscr
line
 0.40723929897320504 0.2549697818268503 0.11782136102923416 0.7111530255000931
line
 0.11782136102923416 0.7111530255000931 0.25534320861701815 -0.14298258348584422
line
 0.25534320861701815 -0.14298258348584422 0.5594734419248426 -0.36839830689458264
line
 0.5594734419248426 -0.36839830689458264 0.40723929897320504 0.2549697818268503
line
 0.11782136102923416 0.7111530255000931 -0.5240924009548307 0.34510083714396084
line
 -0.5240924009548307 0.34510083714396084 -0.6104356285832653 -0.3821896350171552
line
 -0.6104356285832653 -0.3821896350171552 0.25534320861701815 -0.14298258348584422
line
 0.25534320861701815 -0.14298258348584422 0.11782136102923416 0.7111530255000931
line
 -0.08090470180735544 -0.48832930603481806 0.5594734419248426 -0.36839830689458264
line
 0.5594734419248426 -0.36839830689458264 0.25534320861701815 -0.14298258348584422
line
 0.25534320861701815 -0.14298258348584422 -0.6104356285832653 -0.3821896350171552
line
 -0.6104356285832653 -0.3821896350171552 -0.08090470180735544 -0.48832930603481806
delay
0.1
clrscr
line
 0.42780464235102583 0.25342231328994347 0.05461668024931233 0.7159893646514767
line
 0.05461668024931233 0.7159893646514767 0.1489607752225679 -0.03842680110496352
line
 0.1489607752225679 -0.03842680110496352 0.5993190623361424 -0.3591480603831284
line
 0.5993190623361424 -0.3591480603831284 0.42780464235102583 0.25342231328994347
line
 0.05461668024931233 0.7159893646514767 -0.49998587431229297 0.2996216343899756
line
 -0.49998587431229297 0.2996216343899756 -0.6199867195580917 -0.36726686231360456
line
 -0.6199867195580917 -0.36726686231360456 0.1489607752225679 -0.03842680110496352
line
 0.1489607752225679 -0.03842680110496352 0.05461668024931233 0.7159893646514767
line
 -0.039918410053595935 -0.5233045458219906 0.5993190623361424 -0.3591480603831284
line
 0.5993190623361424 -0.3591480603831284 0.1489607752225679 -0.03842680110496352
line
 0.1489607752225679 -0.03842680110496352 -0.6199867195580917 -0.36726686231360456
line
 -0.6199867195580917 -0.36726686231360456 -0.039918410053595935 -0.5233045458219906
delay
0.1
clrscr
line
 0.44738324911592614 0.2546386935550591 0.0005435776621658327 0.70960188894639
line
 0.0005435776621658327 0.70960188894639 0.03163419247923363 0.06643602795265471
line
 0.03163419247923363 0.06643602795265471 0.6311763863037819 -0.3389775496355929
line
 0.6311763863037819 -0.3389775496355929 0.44738324911592614 0.2546386935550591
line
 0.0005435776621658327 0.70960188894639 -0.4703484603423022 0.25260382362430617
line
 -0.4703484603423022 0.25260382362430617 -0.6251710039065383 -0.35583077372218647
line
 -0.6251710039065383 -0.35583077372218647 0.03163419247923363 0.06643602795265471
line
 0.03163419247923363 0.06643602795265471 0.0005435776621658327 0.70960188894639
line
 -0.00042660464493311014 -0.556901953387272 0.6311763863037819 -0.3389775496355929
line
 0.6311763863037819 -0.3389775496355929 0.03163419247923363 0.06643602795265471
line
 0.03163419247923363 0.06643602795265471 -0.6251710039065383 -0.35583077372218647
line
 -0.6251710039065383 -0.35583077372218647 -0.00042660464493311014 -0.556901953387272
delay
0.1
clrscr
line
 0.46559016218984905 0.2587246089399569 -0.043658327842021824 0.6934716769576629
line
 -0.043658327842021824 0.6934716769576629 -0.08947907548009963 0.16505697985714307
line
 -0.08947907548009963 0.16505697985714307 0.6523764713940363 -0.3062710018495308
line
 0.6523764713940363 -0.3062710018495308 0.46559016218984905 0.2587246089399569
line
 -0.043658327842021824 0.6934716769576629 -0.43630605227037866 0.2048324818587015
line
 -0.43630605227037866 0.2048324818587015 -0.6261347038642487 -0.3479378851973204
line
 -0.6261347038642487 -0.3479378851973204 -0.08947907548009963 0.16505697985714307
line
 -0.08947907548009963 0.16505697985714307 -0.043658327842021824 0.6934716769576629
line
 0.0370608909946144 -0.5886775673264125 0.6523764713940363 -0.3062710018495308
line
 0.6523764713940363 -0.3062710018495308 -0.08947907548009963 0.16505697985714307
line
 -0.08947907548009963 0.16505697985714307 -0.6261347038642487 -0.3479378851973204
line
 -0.6261347038642487 -0.3479378851973204 0.0370608909946144 -0.5886775673264125
delay
0.1
clrscr
line
 0.48202446163280394 0.2657471671788655 -0.07785992839998675 0.6692540377702235
line
 -0.07785992839998675 0.6692540377702235 -0.20688969966735635 0.25157825555534796
line
 -0.20688969966735635 0.25157825555534796 0.659926702230256 -0.25963097671780694
line
 0.659926702230256 -0.25963097671780694 0.48202446163280394 0.2657471671788655
line
 -0.07785992839998675 0.6692540377702235 -0.3987500240232325 0.15687781363221573
line
 -0.3987500240232325 0.15687781363221573 -0.6231259123674205 -0.34353846990764125
line
 -0.6231259123674205 -0.34353846990764125 -0.20688969966735635 0.25157825555534796
line
 -0.20688969966735635 0.25157825555534796 -0.07785992839998675 0.6692540377702235
line
 0.07190606477065932 -0.618076912949475 0.659926702230256 -0.25963097671780694
line
 0.659926702230256 -0.25963097671780694 -0.20688969966735635 0.25157825555534796
line
 -0.20688969966735635 0.25157825555534796 -0.6231259123674205 -0.34353846990764125
line
 -0.6231259123674205 -0.34353846990764125 0.07190606477065932 -0.618076912949475
delay
0.1
clrscr
line
 0.49627639050988803 0.2757238415504256 -0.10238637330531512 0.6386075696226124
line
 -0.10238637330531512 0.6386075696226124 -0.31398841436760827 0.3217334687270666
line
 -0.31398841436760827 0.3217334687270666 0.6507484791238297 -0.19819219276436537
line
 0.6507484791238297 -0.19819219276436537 0.49627639050988803 0.2757238415504256
line
 -0.10238637330531512 0.6386075696226124 -0.358374544245028 0.10914668114243349
line
 -0.358374544245028 0.10914668114243349 -0.6164650699523634 -0.34249889883796686
line
 -0.6164650699523634 -0.34249889883796686 -0.31398841436760827 0.3217334687270666
line
 0.10331723652480307 -0.644413579534455 0.6507484791238297 -0.19819219276436537
line
 0.6507484791238297 -0.19819219276436537 -0.31398841436760827 0.3217334687270666
line
 -0.31398841436760827 0.3217334687270666 -0.6164650699523634 -0.34249889883796686
line
 -0.6164650699523634 -0.34249889883796686 0.10331723652480307 -0.644413579534455
delay
0.1
clrscr
line
 0.5079380177119749 0.2886103976898732 -0.11786251394991352 0.6030780253479936
line
 -0.11786251394991352 0.6030780253479936 -0.40593410457037565 0.37329461343742826
line
 -0.40593410457037565 0.37329461343742826 0.6220865540152551 -0.12201920947997186
line
 0.6220865540152551 -0.12201920947997186 0.5079380177119749 0.2886103976898732
line
 0.1303257724218555 -0.6668499326047362 0.6220865540152551 -0.12201920947997186
line
 0.6220865540152551 -0.12201920947997186 -0.40593410457037565 0.37329461343742826
line
 -0.40593410457037565 0.37329461343742826 -0.6065182776168828 -0.34462370447814317
line
 -0.6065182776168828 -0.34462370447814317 0.1303257724218555 -0.6668499326047362
delay
0.1
clrscr
line
 0.5166177162150213 0.3042886582727458 -0.125080690974746 0.5640328712178179
line
 -0.125080690974746 0.5640328712178179 -0.4800060592695017 0.40600571005770963
line
 -0.4800060592695017 0.40600571005770963 0.572083450894306 -0.03252063045306863
line
 0.572083450894306 -0.03252063045306863 0.5166177162150213 0.3042886582727458
line
 0.1517699945330072 -0.684384337135202 0.572083450894306 -0.03252063045306863
line
 0.572083450894306 -0.03252063045306863 -0.4800060592695017 0.40600571005770963
line
 -0.4800060592695017 0.40600571005770963 -0.5936749899062911 -0.34967551529627283
line
 -0.5936749899062911 -0.34967551529627283 0.1517699945330072 -0.684384337135202
delay
0.1
clrscr
line
 0.295562935644454 -0.2324667105699743 0.5219583728043754 0.3225553223303201
line
 0.5219583728043754 0.3225553223303201 -0.12489917583854124 0.5226355520873602
line
 -0.12489917583854124 0.5226355520873602 -0.5354523590672514 0.42114498662658134
line
 -0.5354523590672514 0.42114498662658134 0.5004323402602819 0.06724993359246463
line
 0.5004323402602819 0.06724993359246463 0.5219583728043754 0.3225553223303201
line
 0.16629432258863128 -0.6958518702113315 0.5004323402602819 0.06724993359246463
line
 0.5004323402602819 0.06724993359246463 -0.5354523590672514 0.42114498662658134
line
 -0.5354523590672514 0.42114498662658134 -0.5783306954512681 -0.3573918028798756
line
 -0.5783306954512681 -0.3573918028798756 0.16629432258863128 -0.6958518702113315
delay
0.1
clrscr
line
 0.34955739676207725 -0.256781567724648 0.52365872722517 0.3431133884212515
line
 0.52365872722517 0.3431133884212515 0.40892389466082724 0.17257487121926104
line
 0.40892389466082724 0.17257487121926104 0.17237531421935054 -0.6999485841953647
line
 0.17237531421935054 -0.6999485841953647 0.34955739676207725 -0.256781567724648
line
 0.52365872722517 0.3431133884212515 -0.11817121275072437 0.4798469747951499
line
 -0.11817121275072437 0.4798469747951499 -0.5730269640491835 0.420940204784727
line
 -0.5730269640491835 0.420940204784727 0.40892389466082724 0.17257487121926104
line
 0.40892389466082724 0.17257487121926104 0.52365872722517 0.3431133884212515
line
 0.17237531421935054 -0.6999485841953647 0.40892389466082724 0.17257487121926104
line
 0.40892389466082724 0.17257487121926104 -0.5730269640491835 0.420940204784727
line
 -0.5730269640491835 0.420940204784727 -0.5608745069163763 -0.36749803362759
line
 -0.5608745069163763 -0.36749803362759 0.17237531421935054 -0.6999485841953647
delay
0.1
clrscr
line
 0.4034111785821423 -0.27690529618486054 0.5214965952173871 0.36556794679402166
line
 0.5214965952173871 0.36556794679402166 0.30164545369673496 0.2774691491798333
line
 0.30164545369673496 0.2774691491798333 0.1683896279202639 -0.695292178788471
line
 0.1683896279202639 -0.695292178788471 0.4034111785821423 -0.27690529618486054
line
 0.5214965952173871 0.36556794679402166 -0.10570019787436305 0.4364432761454801
line
 -0.10570019787436305 0.4364432761454801 -0.594434209175391 0.40802533368719945
line
 -0.594434209175391 0.40802533368719945 0.30164545369673496 0.2774691491798333
line
 0.30164545369673496 0.2774691491798333 0.5214965952173871 0.36556794679402166
line
 0.1683896279202639 -0.695292178788471 0.30164545369673496 0.2774691491798333
line
 0.30164545369673496 0.2774691491798333 -0.594434209175391 0.40802533368719945
line
 -0.594434209175391 0.40802533368719945 -0.5416811561507795 -0.37971727886067336
line
 -0.5416811561507795 -0.37971727886067336 0.1683896279202639 -0.695292178788471
delay
0.1
clrscr
line
 0.45649232827997377 -0.2920510244222769 0.5153520424575748 0.3894281002292474
line
 0.5153520424575748 0.3894281002292474 0.18464706582358972 0.37548972746110987
line
 0.18464706582358972 0.37548972746110987 0.15274008472763512 -0.6805327680862869
line
 0.15274008472763512 -0.6805327680862869 0.45649232827997377 -0.2920510244222769
line
 0.5153520424575748 0.3894281002292474 -0.08821502671938328 0.39304165915056555
line
 -0.08821502671938328 0.39304165915056555 -0.6018351537236024 0.3850372991822027
line
 -0.6018351537236024 0.3850372991822027 0.18464706582358972 0.37548972746110987
line
 0.18464706582358972 0.37548972746110987 0.5153520424575748 0.3894281002292474
line
 0.15274008472763512 -0.6805327680862869 0.18464706582358972 0.37548972746110987
line
 0.18464706582358972 0.37548972746110987 -0.6018351537236024 0.3850372991822027
line
 -0.6018351537236024 0.3850372991822027 -0.5211066814111448 -0.3937766191649775
line
 -0.5211066814111448 -0.3937766191649775 0.15274008472763512 -0.6805327680862869
delay
0.1
clrscr
line
 0.5079462668626955 -0.30126532232367753 0.5052279811122932 0.4141164489645096
line
 0.5052279811122932 0.4141164489645096 0.06507880722118123 0.46076351373964136
line
 0.06507880722118123 0.46076351373964136 0.12405170401562535 -0.6545234911772486
line
 0.12405170401562535 -0.6545234911772486 0.5079462668626955 -0.30126532232367753
line
 0.12405170401562535 -0.6545234911772486 0.06507880722118123 0.46076351373964136
line
 0.06507880722118123 0.46076351373964136 -0.5974847467312112 0.35437101628727186
line
 -0.5974847467312112 0.35437101628727186 -0.4994870412236775 -0.4094108156083401
line
 -0.4994870412236775 -0.4094108156083401 0.12405170401562535 -0.6545234911772486
delay
0.1
clrscr
line
 0.5566377571669983 -0.3034198465205247 0.4912653315115467 0.43898687883651993
line
 0.4912653315115467 0.43898687883651993 -0.049959731475588035 0.5289097558202391
line
 -0.049959731475588035 0.5289097558202391 0.08143584979708014 -0.6165486254262059
line
 0.08143584979708014 -0.6165486254262059 0.5566377571669983 -0.3034198465205247
line
 0.08143584979708014 -0.6165486254262059 -0.049959731475588035 0.5289097558202391
line
 -0.049959731475588035 0.5289097558202391 -0.5835051759836821 0.31806511265419657
line
 -0.5835051759836821 0.31806511265419657 -0.4771389343298556 -0.4263637552203772
line
 -0.4771389343298556 -0.4263637552203772 0.08143584979708014 -0.6165486254262059
delay
0.1
clrscr
line
 0.6010917948998495 -0.2972203665371393 0.4737499990566638 0.46335035452667095
line
 0.4737499990566638 0.46335035452667095 -0.15448577344860817 0.5775654774663463
line
 -0.15448577344860817 0.5775654774663463 0.0247949800054988 -0.5665846177302694
line
 0.0247949800054988 -0.5665846177302694 0.6010917948998495 -0.2972203665371393
line
 0.0247949800054988 -0.5665846177302694 -0.15448577344860817 0.5775654774663463
line
 -0.15448577344860817 0.5775654774663463 -0.561769009699268 0.27777652662825253
line
 -0.561769009699268 0.27777652662825253 -0.4543621988392242 -0.44438815057494396
line
 -0.4543621988392242 -0.44438815057494396 0.0247949800054988 -0.5665846177302694
delay
0.1
clrscr
line
 0.6394441051896895 -0.28124604767115535 0.45310956787871454 0.48650718192077047
line
 0.45310956787871454 0.48650718192077047 -0.24430641701251002 0.6064039370184818
line
 -0.24430641701251002 0.6064039370184818 -0.04489377228874705 -0.5055400735910515
line
 -0.04489377228874705 -0.5055400735910515 0.6394441051896895 -0.28124604767115535
line
 -0.04489377228874705 -0.5055400735910515 -0.24430641701251002 0.6064039370184818
line
 -0.24430641701251002 0.6064039370184818 -0.5338577646506327 0.2348061153554743
line
 -0.5338577646506327 0.2348061153554743 -0.4314432715494215 -0.4632439151149674
line
 -0.4314432715494215 -0.4632439151149674 -0.04489377228874705 -0.5055400735910515
delay
0.1
clrscr
line
 0.6694201181664685 -0.2540360908014072 0.42989879102567985 0.5077830061452618
line
 0.42989879102567985 0.5077830061452618 -0.3171909484962171 0.6167441920167859
line
 -0.3171909484962171 0.6167441920167859 -0.12540760441332519 -0.43539581657957704
line
 -0.12540760441332519 -0.43539581657957704 0.6694201181664685 -0.2540360908014072
line
 0.1808140387161181 -0.3515737404927684 0.6694201181664685 -0.2540360908014072
line
 0.6694201181664685 -0.2540360908014072 -0.12540760441332519 -0.43539581657957704
line
 -0.12540760441332519 -0.43539581657957704 -0.4086592881419476 -0.4826955696404956
line
 -0.4086592881419476 -0.4826955696404956 0.1808140387161181 -0.3515737404927684
line
 -0.12540760441332519 -0.43539581657957704 -0.3171909484962171 0.6167441920167859
line
 -0.3171909484962171 0.6167441920167859 -0.5010658282868489 0.19014786200450975
line
 -0.5010658282868489 0.19014786200450975 -0.4086592881419476 -0.4826955696404956
line
 -0.4086592881419476 -0.4826955696404956 -0.12540760441332519 -0.43539581657957704
delay
0.1
clrscr
line
 0.6883714231018903 -0.2142429855899472 0.40477448977645036 0.526564943811782
line
 0.40477448977645036 0.526564943811782 -0.37263520001524597 0.6109643311637941
line
 -0.37263520001524597 0.6109643311637941 -0.21331406612555487 -0.35916460615348533
line
 -0.21331406612555487 -0.35916460615348533 0.6883714231018903 -0.2142429855899472
line
 0.23391419367408323 -0.3835204749362307 0.6883714231018903 -0.2142429855899472
line
 0.6883714231018903 -0.2142429855899472 -0.21331406612555487 -0.35916460615348533
line
 -0.21331406612555487 -0.35916460615348533 -0.3862824838374071 -0.502508976071233
line
 -0.3862824838374071 -0.502508976071233 0.23391419367408323 -0.3835204749362307
line
 -0.21331406612555487 -0.35916460615348533 -0.37263520001524597 0.6109643311637941
line
 -0.37263520001524597 0.6109643311637941 -0.46442787741632874 0.14454466253191425
line
 -0.46442787741632874 0.14454466253191425 -0.3862824838374071 -0.502508976071233
line
 -0.3862824838374071 -0.502508976071233 -0.21331406612555487 -0.35916460615348533
delay
0.1
clrscr
line
 0.6934077466834608 -0.1608676706252206 0.3784620565489998 0.5423339589599973
line
 0.3784620565489998 0.5423339589599973 -0.41140855892529216 0.5919221469982999
line
 -0.41140855892529216 0.5919221469982999 -0.30426602804819347 -0.2806278643835524
line
 -0.30426602804819347 -0.2806278643835524 0.6934077466834608 -0.1608676706252206
line
 0.2866496547509995 -0.41242282250949547 0.6934077466834608 -0.1608676706252206
line
 0.6934077466834608 -0.1608676706252206 -0.30426602804819347 -0.2806278643835524
line
 -0.30426602804819347 -0.2806278643835524 -0.3645846057225531 -0.5224476514246866
line
 -0.3645846057225531 -0.5224476514246866 0.2866496547509995 -0.41242282250949547
line
 -0.30426602804819347 -0.2806278643835524 -0.41140855892529216 0.5919221469982999
line
 -0.41140855892529216 0.5919221469982999 -0.42475577786595825 0.09854154773539413
line
 -0.42475577786595825 0.09854154773539413 -0.3645846057225531 -0.5224476514246866
line
 -0.3645846057225531 -0.5224476514246866 -0.30426602804819347 -0.2806278643835524
delay
0.1
clrscr
line
 0.6816635638444845 -0.09357597905643202 0.3517170280948831 0.5546900014947885
line
 0.3517170280948831 0.5546900014947885 -0.4350632087770319 0.5625059924847979
line
 -0.4350632087770319 0.5625059924847979 -0.39352320142700814 -0.2038799689481833
line
 -0.39352320142700814 -0.2038799689481833 0.6816635638444845 -0.09357597905643202
line
 0.3384494136120248 -0.4375911809341221 0.6816635638444845 -0.09357597905643202
line
 0.6816635638444845 -0.09357597905643202 -0.39352320142700814 -0.2038799689481833
line
 -0.39352320142700814 -0.2038799689481833 -0.34384106994661956 -0.5422688933650605
line
 -0.34384106994661956 -0.5422688933650605 0.3384494136120248 -0.4375911809341221
line
 -0.39352320142700814 -0.2038799689481833 -0.4350632087770319 0.5625059924847979
line
 -0.4350632087770319 0.5625059924847979 -0.38267691579047797 0.0525323179303146
line
 -0.38267691579047797 0.0525323179303146 -0.34384106994661956 -0.5422688933650605
line
 -0.34384106994661956 -0.5422688933650605 -0.39352320142700814 -0.2038799689481833
delay
0.1
clrscr
line
 0.6507205612514184 -0.013062701455075713 0.3252858591443945 0.5633674701886915
line
 0.3252858591443945 0.5633674701886915 -0.44551810449579765 0.5253515825043331
line
 -0.44551810449579765 0.5253515825043331 -0.47657769366722263 -0.13278774017015543
line
 -0.47657769366722263 -0.13278774017015543 0.6507205612514184 -0.013062701455075713
line
 0.3885313076717773 -0.4581531822794228 0.6507205612514184 -0.013062701455075713
line
 0.6507205612514184 -0.013062701455075713 -0.47657769366722263 -0.13278774017015543
line
 -0.47657769366722263 -0.13278774017015543 -0.32433458935934967 -0.5617199517454451
line
 -0.32433458935934967 -0.5617199517454451 0.3885313076717773 -0.4581531822794228
delay
0.1
clrscr
line
 0.5991595621990778 0.07861890397477884 0.29986994122121946 0.5682400036006529
line
 0.29986994122121946 0.5682400036006529 -0.44476042952648187 0.4827041263856001
line
 -0.44476042952648187 0.4827041263856001 -0.5497160218896208 -0.07050996836654738
line
 -0.5497160218896208 -0.07050996836654738 0.5991595621990778 0.07861890397477884
line
 0.43584255908883995 -0.4730254486682391 0.5991595621990778 0.07861890397477884
line
 0.5991595621990778 0.07861890397477884 -0.5497160218896208 -0.07050996836654738
line
 -0.5497160218896208 -0.07050996836654738 -0.30635796177999686 -0.5805345097144249
line
 -0.30635796177999686 -0.5805345097144249 0.43584255908883995 -0.4730254486682391
delay
0.1
clrscr
line
 0.5271390171587782 0.17789115007869694 0.2760961379594445 0.5693151100723155
line
 0.2760961379594445 0.5693151100723155 -0.43466087035082746 0.43638324260435934
line
 -0.43466087035082746 0.43638324260435934 -0.6103781511139221 -0.01919574905828313
line
 -0.6103781511139221 -0.01919574905828313 0.5271390171587782 0.17789115007869694
line
 0.47899527913987205 -0.48089332940075097 0.5271390171587782 0.17789115007869694
line
 0.5271390171587782 0.17789115007869694 -0.6103781511139221 -0.01919574905828313
line
 -0.6103781511139221 -0.01919574905828313 -0.290215649912331 -0.5984297929542822
line
 -0.290215649912331 -0.5984297929542822 0.47899527913987205 -0.48089332940075097
delay
0.1
clrscr
line
 0.4368189916684295 0.279788300930312 0.2544958771189305 0.5667204025506419
line
 0.2544958771189305 0.5667204025506419 -0.41687807257831316 0.38780871734372696
line
 -0.41687807257831316 0.38780871734372696 -0.6572575710304389 0.020092596944939044
line
 -0.6572575710304389 0.020092596944939044 0.4368189916684295 0.279788300930312
line
 0.5162052762219054 -0.4802097285173824 0.4368189916684295 0.279788300930312
line
 0.4368189916684295 0.279788300930312 -0.6572575710304389 0.020092596944939044
line
 -0.6572575710304389 0.020092596944939044 -0.27622370818807696 -0.6151047037403412
line
 -0.27622370818807696 -0.6151047037403412 0.5162052762219054 -0.4802097285173824
delay
0.1
clrscr
line
 0.33242519135980625 0.37846965548430633 0.23549346244012 0.5606839899230757
line
 0.23549346244012 0.5606839899230757 -0.3928238243507859 0.33805533128952864
line
 -0.3928238243507859 0.33805533128952864 -0.6901763120058547 0.04726362277473545
line
 -0.6901763120058547 0.04726362277473545 0.33242519135980625 0.37846965548430633
line
 0.54525059619326 -0.46923037633106013 0.33242519135980625 0.37846965548430633
line
 0.33242519135980625 0.37846965548430633 -0.6901763120058547 0.04726362277473545
line
 -0.6901763120058547 0.04726362277473545 -0.2647075319337274 -0.6302394708941484
line
 -0.2647075319337274 -0.6302394708941484 0.54525059619326 -0.46923037633106013
line
 0.54525059619326 -0.46923037633106013 0.39171876370634046 -0.026825098977672757
line
 0.39171876370634046 -0.026825098977672757 0.23549346244012 0.5606839899230757
line
 0.23549346244012 0.5606839899230757 0.33242519135980625 0.37846965548430633
line
 0.33242519135980625 0.37846965548430633 0.54525059619326 -0.46923037633106013
delay
0.1
clrscr
line
 0.21982928069658064 0.4680435602086414 0.21940303729144556 0.5515118265058268
line
 0.21940303729144556 0.5515118265058268 -0.36366492916430665 0.28791641938933277
line
 -0.36366492916430665 0.28791641938933277 -0.7098229164861711 0.06296518915789094
line
 -0.7098229164861711 0.06296518915789094 0.21982928069658064 0.4680435602086414
line
 0.5634775666824661 -0.44610967512935745 0.21982928069658064 0.4680435602086414
line
 0.21982928069658064 0.4680435602086414 -0.7098229164861711 0.06296518915789094
line
 -0.7098229164861711 0.06296518915789094 -0.2559968401858458 -0.6434974039264167
line
 -0.2559968401858458 -0.6434974039264167 0.5634775666824661 -0.44610967512935745
line
 0.5634775666824661 -0.44610967512935745 0.4372926574495844 -0.03879025916769808
line
 0.4372926574495844 -0.03879025916769808 0.21940303729144556 0.5515118265058268
line
 0.21940303729144556 0.5515118265058268 0.21982928069658064 0.4680435602086414
line
 0.21982928069658064 0.4680435602086414 0.5634775666824661 -0.44610967512935745
delay
0.1
clrscr
line
 0.20643274336469516 0.5395646036069015 -0.3303444645832278 0.23796497604803815
line
 -0.3303444645832278 0.23796497604803815 -0.71744834014167 0.06831942979338675
line
 -0.71744834014167 0.06831942979338675 0.10570234881815643 0.5434835481053073
line
 0.5678949571885726 -0.4090854376981185 0.10570234881815643 0.5434835481053073
line
 0.10570234881815643 0.5434835481053073 -0.71744834014167 0.06831942979338675
line
 -0.71744834014167 0.06831942979338675 -0.25041728505907157 -0.654529416927385
line
 -0.25041728505907157 -0.654529416927385 0.5678949571885726 -0.4090854376981185
line
 0.5678949571885726 -0.4090854376981185 0.4822738192084951 -0.04592480111682621
line
 0.4822738192084951 -0.04592480111682621 0.20643274336469516 0.5395646036069015
line
 0.20643274336469516 0.5395646036069015 0.10570234881815643 0.5434835481053073
line
 0.10570234881815643 0.5434835481053073 0.5678949571885726 -0.4090854376981185
delay
0.1
clrscr
line
 0.5554053634852573 -0.3567760664634486 -0.0035143870860757705 0.6013517391337523
line
 -0.0035143870860757705 0.6013517391337523 -0.7145896736860745 0.06468402852810885
line
 -0.7145896736860745 0.06468402852810885 -0.24827814849885999 -0.6629820104746895
line
 -0.24827814849885999 -0.6629820104746895 0.5554053634852573 -0.3567760664634486
line
 0.5554053634852573 -0.3567760664634486 0.5259785344609289 -0.04761111415554817
line
 0.5259785344609289 -0.04761111415554817 0.19669414517900924 0.5252362344726393
line
 0.19669414517900924 0.5252362344726393 -0.0035143870860757705 0.6013517391337523
line
 -0.0035143870860757705 0.6013517391337523 0.5554053634852573 -0.3567760664634486
delay
0.1
clrscr
line
 0.5232152526901105 -0.2885905554608393 -0.10250338788769643 0.6401209610812967
line
 -0.10250338788769643 0.6401209610812967 -0.7028570920391699 0.053469534895342286
line
 -0.7028570920391699 0.053469534895342286 -0.24985579091398682 -0.6685093212193122
line
 -0.24985579091398682 -0.6685093212193122 0.5232152526901105 -0.2885905554608393
line
 0.5232152526901105 -0.2885905554608393 0.5675605447541441 -0.04317691134752034
line
 0.5675605447541441 -0.04317691134752034 0.190214901804973 0.5089353119504673
line
 0.190214901804973 0.5089353119504673 -0.10250338788769643 0.6401209610812967
line
 -0.10250338788769643 0.6401209610812967 0.5232152526901105 -0.2885905554608393
delay
0.1
clrscr
line
 0.6059876035218188 -0.03191993736273305 0.4694250570848437 -0.20520199485630786
line
 0.10479618161393923 -0.3687290176809992 0.6059876035218188 -0.03191993736273305
line
 0.4694250570848437 -0.20520199485630786 -0.1875951585514135 0.6600601039949843
line
 -0.1875951585514135 0.6600601039949843 -0.6837912616711772 0.03601818604024019
line
 -0.6837912616711772 0.03601818604024019 -0.25537290572947835 -0.670789613965317
line
 -0.25537290572947835 -0.670789613965317 0.4694250570848437 -0.20520199485630786
line
 0.4694250570848437 -0.20520199485630786 0.6059876035218188 -0.03191993736273305
line
 0.6059876035218188 -0.03191993736273305 0.18695286223232935 0.49107025637003343
line
 0.18695286223232935 0.49107025637003343 -0.1875951585514135 0.6600601039949843
line
 -0.1875951585514135 0.6600601039949843 0.4694250570848437 -0.20520199485630786
delay
0.1
clrscr
line
 0.6400273550076773 -0.013150353014687234 0.3937180836293169 -0.10896329205239794
line
 0.3937180836293169 -0.10896329205239794 -0.2649742440934299 -0.6695461483362123
line
 -0.2649742440934299 -0.6695461483362123 0.1564744331053464 -0.40376220776268357
line
 0.1564744331053464 -0.40376220776268357 0.6400273550076773 -0.013150353014687234
line
 0.3937180836293169 -0.10896329205239794 -0.2568651565748005 0.6628075951943182
line
 -0.2568651565748005 0.6628075951943182 -0.6587819544691068 0.013535695299883627
line
 -0.6587819544691068 0.013535695299883627 -0.2649742440934299 -0.6695461483362123
line
 -0.2649742440934299 -0.6695461483362123 0.3937180836293169 -0.10896329205239794
line
 0.3937180836293169 -0.10896329205239794 0.6400273550076773 -0.013150353014687234
line
 0.6400273550076773 -0.013150353014687234 0.186810120211002 0.4720383178577865
line
 0.186810120211002 0.4720383178577865 -0.2568651565748005 0.6628075951943182
line
 -0.2568651565748005 0.6628075951943182 0.3937180836293169 -0.10896329205239794
delay
0.1
clrscr
line
 0.6682509307107581 0.013744340664572918 0.2979584492803228 -0.00408054648000159
line
 0.2979584492803228 -0.00408054648000159 -0.27870029912815714 -0.664571674079422
line
 -0.27870029912815714 -0.664571674079422 0.20782006434861594 -0.4364454097324412
line
 0.20782006434861594 -0.4364454097324412 0.6682509307107581 0.013744340664572918
line
 0.2979584492803228 -0.00408054648000159 -0.3099000294784781 0.6508247688487966
line
 -0.3099000294784781 0.6508247688487966 -0.6290323498265771 -0.012937707240987603
line
 -0.6290323498265771 -0.012937707240987603 -0.27870029912815714 -0.664571674079422
line
 -0.27870029912815714 -0.664571674079422 0.2979584492803228 -0.00408054648000159
line
 0.2979584492803228 -0.00408054648000159 0.6682509307107581 0.013744340664572918
line
 0.6682509307107581 0.013744340664572918 0.18964598055372694 0.45221819701409377
line
 0.18964598055372694 0.45221819701409377 -0.3099000294784781 0.6508247688487966
line
 -0.3099000294784781 0.6508247688487966 0.2979584492803228 -0.00408054648000159
delay
0.1
clrscr
line
 0.6890652728104107 0.04920840663546118 0.18643440444040948 0.10363699690798557
line
 0.18643440444040948 0.10363699690798557 -0.29646140287639444 -0.6557549218948576
line
 -0.29646140287639444 -0.6557549218948576 0.2583610582301284 -0.46622424540935853
line
 0.2583610582301284 -0.46622424540935853 0.6890652728104107 0.04920840663546118
line
 0.18643440444040948 0.10363699690798557 -0.3473959862252593 0.6268918104207709
line
 -0.3473959862252593 0.6268918104207709 -0.5955536034406569 -0.042530432235822965
line
 -0.5955536034406569 -0.042530432235822965 -0.29646140287639444 -0.6557549218948576
line
 -0.29646140287639444 -0.6557549218948576 0.18643440444040948 0.10363699690798557
line
 0.18643440444040948 0.10363699690798557 0.6890652728104107 0.04920840663546118
line
 0.6890652728104107 0.04920840663546118 0.19528818390940456 0.4319658024417214
line
 0.19528818390940456 0.4319658024417214 -0.3473959862252593 0.6268918104207709
line
 -0.3473959862252593 0.6268918104207709 0.18643440444040948 0.10363699690798557
delay
0.1
clrscr
line
 0.700786587193037 0.09340148339533659 0.06552937460364665 0.20751194959756056
line
 0.06552937460364665 0.20751194959756056 -0.31801561997122973 -0.6431064708572521
line
 -0.31801561997122973 -0.6431064708572521 0.3074516923678203 -0.4923857734236266
line
 0.3074516923678203 -0.4923857734236266 0.700786587193037 0.09340148339533659
line
 0.06552937460364665 0.20751194959756056 -0.37073475980619675 0.5937339945548558
line
 -0.37073475980619675 0.5937339945548558 -0.5591772324222865 -0.07452765783993788
line
 -0.5591772324222865 -0.07452765783993788 -0.31801561997122973 -0.6431064708572521
line
 -0.31801561997122973 -0.6431064708572521 0.06552937460364665 0.20751194959756056
line
 0.06552937460364665 0.20751194959756056 0.700786587193037 0.09340148339533659
line
 0.700786587193037 0.09340148339533659 0.2035420662095193 0.41161254872587494
line
 0.2035420662095193 0.41161254872587494 -0.37073475980619675 0.5937339945548558
line
 -0.37073475980619675 0.5937339945548558 0.06552937460364665 0.20751194959756056
delay
0.1
clrscr
line
 0.7017656151116083 0.1460644540313072 -0.057195511444553405 0.3010680661502963
line
 -0.057195511444553405 0.3010680661502963 -0.34295445329076957 -0.6267805001614337
line
 -0.34295445329076957 -0.6267805001614337 0.3542212431544875 -0.5140273744928131
line
 0.3542212431544875 -0.5140273744928131 0.7017656151116083 0.1460644540313072
line
 -0.057195511444553405 0.3010680661502963 -0.38162601309535477 0.5537957458525733
line
 -0.38162601309535477 0.5537957458525733 -0.5205764820874267 -0.10835201668515144
line
 -0.5205764820874267 -0.10835201668515144 -0.34295445329076957 -0.6267805001614337
line
 -0.34295445329076957 -0.6267805001614337 -0.057195511444553405 0.3010680661502963
line
 -0.057195511444553405 0.3010680661502963 0.7017656151116083 0.1460644540313072
line
 0.7017656151116083 0.1460644540313072 0.21419757561428404 0.39146557885067385
line
 0.21419757561428404 0.39146557885067385 -0.38162601309535477 0.5537957458525733
line
 -0.38162601309535477 0.5537957458525733 -0.057195511444553405 0.3010680661502963
delay
0.1
clrscr
line
 0.6905682771478837 0.20638595830715478 -0.17425358541425617 0.37909878597730556
line
 -0.17425358541425617 0.37909878597730556 -0.37070039118033515 -0.6070884648254886
line
 -0.37070039118033515 -0.6070884648254886 0.39751619340382793 -0.5300276907507642
line
 0.39751619340382793 -0.5300276907507642 0.6905682771478837 0.20638595830715478
line
 -0.17425358541425617 0.37909878597730556 -0.3818492347724923 0.5091381721795828
line
 -0.3818492347724923 0.5091381721795828 -0.48029101827147785 -0.14354166756931797
line
 -0.48029101827147785 -0.14354166756931797 -0.37070039118033515 -0.6070884648254886
line
 -0.37070039118033515 -0.6070884648254886 -0.17425358541425617 0.37909878597730556
line
 -0.17425358541425617 0.37909878597730556 0.6905682771478837 0.20638595830715478
line
 0.6905682771478837 0.20638595830715478 0.22703423633902198 0.37180933519661086
line
 0.22703423633902198 0.37180933519661086 -0.3818492347724923 0.5091381721795828
line
 -0.3818492347724923 0.5091381721795828 -0.17425358541425617 0.37909878597730556
delay
0.1
clrscr
line
 0.6662010383118355 0.27289996003089634 -0.279402991287733 0.4383808482607129
line
 -0.279402991287733 0.4383808482607129 -0.40051945477316137 -0.5845009754927646
line
 -0.40051945477316137 -0.5845009754927646 0.43584082292219545 -0.5390267359324705
line
 0.43584082292219545 -0.5390267359324705 0.6662010383118355 0.27289996003089634
line
 -0.279402991287733 0.4383808482607129 -0.37309155194912536 0.4614214889343156
line
 -0.37309155194912536 0.4614214889343156 -0.43875168491095967 -0.17972850594634407
line
 -0.43875168491095967 -0.17972850594634407 -0.40051945477316137 -0.5845009754927646
line
 -0.40051945477316137 -0.5845009754927646 -0.279402991287733 0.4383808482607129
line
 -0.279402991287733 0.4383808482607129 0.6662010383118355 0.27289996003089634
line
 0.6662010383118355 0.27289996003089634 0.24182424843211728 0.3529079734377207
line
 0.24182424843211728 0.3529079734377207 -0.37309155194912536 0.4614214889343156
line
 -0.37309155194912536 0.4614214889343156 -0.279402991287733 0.4383808482607129
delay
0.1
clrscr
line
 0.6283500754601846 0.3434533868323926 -0.36837936784671665 0.47784893205621876
line
 -0.36837936784671665 0.47784893205621876 -0.43155006326449474 -0.5596353065705382
line
 -0.43155006326449474 -0.5596353065705382 0.46730683362515096 -0.5394273475823628
line
 0.46730683362515096 -0.5394273475823628 0.6283500754601846 0.3434533868323926
line
 -0.36837936784671665 0.47784893205621876 -0.35686126708237 0.4119364685163966
line
 -0.35686126708237 0.4119364685163966 -0.3963037041407872 -0.2166178611527844
line
 -0.3963037041407872 -0.2166178611527844 -0.43155006326449474 -0.5596353065705382
line
 -0.43155006326449474 -0.5596353065705382 -0.36837936784671665 0.47784893205621876
line
 0.2583339627579739 0.33500819198590365 -0.35686126708237 0.4119364685163966
line
 -0.35686126708237 0.4119364685163966 -0.36837936784671665 0.47784893205621876
delay
0.1
clrscr
line
 0.5775827187527983 0.4152809934453744 -0.4390646772689901 0.4982869087564578
line
 -0.4390646772689901 0.4982869087564578 -0.462846941299615 -0.5332279628213275
line
 -0.462846941299615 -0.5332279628213275 0.48961141703026945 -0.5294366992610896
line
 0.48961141703026945 -0.5294366992610896 0.5775827187527983 0.4152809934453744
delay
0.1
clrscr
line
 0.5154491808088938 0.48520625758871483 -0.49119983943766454 0.5017493858353272
line
 -0.49119983943766454 0.5017493858353272 -0.49343598564291774 -0.5060942533073218
line
 -0.49343598564291774 -0.5060942533073218 0.5000745583282662 -0.5071732865646488
line
 0.5000745583282662 -0.5071732865646488 0.5154491808088938 0.48520625758871483
delay
0.1
clrscr
line
 0.44443334305990767 0.5499527702759089 -0.5258625554675171 0.49094479232767996
line
 -0.5258625554675171 0.49094479232767996 -0.522373726000195 -0.4790792493772588
line
 -0.522373726000195 -0.4790792493772588 0.495777549027018 -0.4708679384443707
line
 0.495777549027018 -0.4708679384443707 0.44443334305990767 0.5499527702759089
delay
0.1
clrscr
line
 0.36773695150116187 0.6065110735579973 -0.544916049847107 0.4687330176054057
line
 -0.544916049847107 0.4687330176054057 -0.5488039411242807 -0.4530061678941631
line
 -0.5488039411242807 -0.4530061678941631 0.47384826645576217 -0.41917989211769435
line
 0.47384826645576217 -0.41917989211769435 0.36773695150116187 0.6065110735579973
delay
0.1
clrscr
line
 0.35802042082225277 0.2682807730408195 0.2889316688080596 0.6524796578308344
line
 0.2889316688080596 0.6524796578308344 0.4319218200427336 -0.35162114967875435
line
 0.4319218200427336 -0.35162114967875435 0.44870901905057575 -0.35680778936738367
line
 0.44870901905057575 -0.35680778936738367 0.35802042082225277 0.2682807730408195
line
 0.2889316688080596 0.6524796578308344 -0.5505535392480446 0.437793275658099
line
 -0.5505535392480446 0.437793275658099 -0.5720044807638998 -0.4286286350083342
line
 -0.5720044807638998 -0.4286286350083342 0.4319218200427336 -0.35162114967875435
line
 0.4319218200427336 -0.35162114967875435 0.2889316688080596 0.6524796578308344
line
 -0.17901527117734886 -0.40426106063812844 0.44870901905057575 -0.35680778936738367
line
 0.44870901905057575 -0.35680778936738367 0.4319218200427336 -0.35162114967875435
line
 0.4319218200427336 -0.35162114967875435 -0.5720044807638998 -0.4286286350083342
line
 -0.5720044807638998 -0.4286286350083342 -0.17901527117734886 -0.40426106063812844
delay
0.1
clrscr
line
 0.37950938938707585 0.26090731532157696 0.21155618854644662 0.6863013246878658
line
 0.21155618854644662 0.6863013246878658 0.3687529916317287 -0.2690276597188808
line
 0.3687529916317287 -0.2690276597188808 0.49915509845041317 -0.36677671385639365
line
 0.49915509845041317 -0.36677671385639365 0.37950938938707585 0.26090731532157696
line
 0.21155618854644662 0.6863013246878658 -0.5449814770244933 0.40044971167514654
line
 -0.5449814770244933 0.40044971167514654 -0.5914192651673662 -0.40659234532638994
line
 -0.5914192651673662 -0.40659234532638994 0.3687529916317287 -0.2690276597188808
line
 0.3687529916317287 -0.2690276597188808 0.21155618854644662 0.6863013246878658
line
 -0.13599630207983573 -0.44118039236441947 0.49915509845041317 -0.36677671385639365
line
 0.49915509845041317 -0.36677671385639365 0.3687529916317287 -0.2690276597188808
line
 0.3687529916317287 -0.2690276597188808 -0.5914192651673662 -0.40659234532638994
line
 -0.5914192651673662 -0.40659234532638994 -0.13599630207983573 -0.44118039236441947
delay
0.1
clrscr
line
 0.40082047741297633 0.25595611751508185 0.13875024203465758 0.7073484734525787
line
 0.13875024203465758 0.7073484734525787 0.28486647849786517 -0.17394321350501057
line
 0.28486647849786517 -0.17394321350501057 0.5461342465467233 -0.3693677052287217
line
 0.5461342465467233 -0.3693677052287217 0.40082047741297633 0.25595611751508185
line
 0.13875024203465758 0.7073484734525787 -0.5302322189417031 0.3586126656352698
line
 -0.5302322189417031 0.3586126656352698 -0.6066732192883489 -0.3874096523502482
line
 -0.6066732192883489 -0.3874096523502482 0.28486647849786517 -0.17394321350501057
line
 0.28486647849786517 -0.17394321350501057 0.13875024203465758 0.7073484734525787
line
 -0.09365190658149741 -0.47743724396386195 0.5461342465467233 -0.3693677052287217
line
 0.5461342465467233 -0.3693677052287217 0.28486647849786517 -0.17394321350501057
line
 0.28486647849786517 -0.17394321350501057 -0.6066732192883489 -0.3874096523502482
line
 -0.6066732192883489 -0.3874096523502482 -0.09365190658149741 -0.47743724396386195
delay
0.1
clrscr
line
 0.4216170539474593 0.25358858164563236 0.07299790219930738 0.7158578046986285
line
 0.07299790219930738 0.7158578046986285 0.183031565441697 -0.07072839043449963
line
 0.183031565441697 -0.07072839043449963 0.5879671302728211 -0.3631329849713475
line
 0.5879671302728211 -0.3631329849713475 0.4216170539474593 0.25358858164563236
line
 0.07299790219930738 0.7158578046986285 -0.5080747773053675 0.31379085831880094
line
 -0.5080747773053675 0.31379085831880094 -0.6175707767886784 -0.37144820373216814
line
 -0.6175707767886784 -0.37144820373216814 0.183031565441697 -0.07072839043449963
line
 0.183031565441697 -0.07072839043449963 0.07299790219930738 0.7158578046986285
line
 -0.0522879589706432 -0.512764646560648 0.5879671302728211 -0.3631329849713475
line
 0.5879671302728211 -0.3631329849713475 0.183031565441697 -0.07072839043449963
line
 0.183031565441697 -0.07072839043449963 -0.6175707767886784 -0.37144820373216814
line
 -0.6175707767886784 -0.37144820373216814 -0.0522879589706432 -0.512764646560648
delay
0.1
clrscr
line
 0.4415407138852145 0.2539467574379231 0.01601136981442621 0.7127547596588032
line
 0.01601136981442621 0.7127547596588032 0.06830918861064585 0.03476845269412313
line
 0.06830918861064585 0.03476845269412313 0.6225450291878522 -0.34647871492238386
line
 0.6225450291878522 -0.34647871492238386 0.4415407138852145 0.2539467574379231
line
 0.01601136981442621 0.7127547596588032 -0.4799899621880481 0.26713939952506766
line
 -0.4799899621880481 0.26713939952506766 -0.6240808734137618 -0.35893250429370827
line
 -0.6240808734137618 -0.35893250429370827 0.06830918861064585 0.03476845269412313
line
 0.06830918861064585 0.03476845269412313 0.01601136981442621 0.7127547596588032
line
 -0.01228405721311668 -0.5468314296682637 0.6225450291878522 -0.34647871492238386
line
 0.6225450291878522 -0.34647871492238386 0.06830918861064585 0.03476845269412313
line
 0.06830918861064585 0.03476845269412313 -0.6240808734137618 -0.35893250429370827
line
 -0.6240808734137618 -0.35893250429370827 -0.01228405721311668 -0.5468314296682637
delay
0.1
clrscr
line
 0.46021226822363664 0.25714618967130776 -0.03125574767230297 0.6994262037543953
line
 -0.03125574767230297 0.6994262037543953 -0.05248458289119702 0.13600088969563376
line
 -0.05248458289119702 0.13600088969563376 0.647322569278948 -0.3177686681495418
line
 0.647322569278948 -0.3177686681495418 0.46021226822363664 0.25714618967130776
line
 -0.03125574767230297 0.6994262037543953 -0.4471826159757142 0.2195205775947476
line
 -0.4471826159757142 0.2195205775947476 -0.6263126493387196 -0.34995571052906116
line
 -0.6263126493387196 -0.34995571052906116 -0.05248458289119702 0.13600088969563376
line
 -0.05248458289119702 0.13600088969563376 -0.03125574767230297 0.6994262037543953
line
 0.025884150804040672 -0.5792231727772492 0.647322569278948 -0.3177686681495418
line
 0.647322569278948 -0.3177686681495418 -0.05248458289119702 0.13600088969563376
line
 -0.05248458289119702 0.13600088969563376 -0.6263126493387196 -0.34995571052906116
line
 -0.6263126493387196 -0.34995571052906116 0.025884150804040672 -0.5792231727772492
delay
0.1
clrscr
line
 0.4772350087891287 0.26326693412261004 -0.0685037332906156 0.6774954331119322
line
 -0.0685037332906156 0.6774954331119322 -0.17182440671078336 0.22678619890562848
line
 -0.17182440671078336 0.22678619890562848 0.6593869832223302 -0.27550904746290666
line
 0.6593869832223302 -0.27550904746290666 0.4772350087891287 0.26326693412261004
line
 -0.0685037332906156 0.6774954331119322 -0.41061201161780236 0.17156438794835102
line
 -0.41061201161780236 0.17156438794835102 -0.6244863540426607 -0.3444982132542227
line
 -0.6244863540426607 -0.3444982132542227 -0.17182440671078336 0.22678619890562848
line
 -0.17182440671078336 0.22678619890562848 -0.0685037332906156 0.6774954331119322
line
 0.061620557613341835 -0.6094214776841782 0.6593869832223302 -0.27550904746290666
line
 0.6593869832223302 -0.27550904746290666 -0.17182440671078336 0.22678619890562848
line
 -0.17182440671078336 0.22678619890562848 -0.6244863540426607 -0.3444982132542227
line
 -0.6244863540426607 -0.3444982132542227 0.061620557613341835 -0.6094214776841782
delay
0.1
clrscr
line
 0.4922008441406673 0.2723429282459613 -0.09593619393325213 0.6486355176872729
line
 -0.09593619393325213 0.6486355176872729 -0.28271315605895403 0.30229758493554826
line
 -0.28271315605895403 0.30229758493554826 0.6556494233330196 -0.21863175086471012
line
 0.6556494233330196 -0.21863175086471012 0.4922008441406673 0.2723429282459613
line
 -0.09593619393325213 0.6486355176872729 -0.3710287039131734 0.12372260581765078
line
 -0.3710287039131734 0.12372260581765078 -0.6189034197943464 -0.3424495745075567
line
 -0.6189034197943464 -0.3424495745075567 -0.28271315605895403 0.30229758493554826
line
 -0.28271315605895403 0.30229758493554826 -0.09593619393325213 0.6486355176872729
line
 0.09418306932298866 -0.636782442820245 0.6556494233330196 -0.21863175086471012
line
 0.6556494233330196 -0.21863175086471012 -0.28271315605895403 0.30229758493554826
line
 -0.28271315605895403 0.30229758493554826 -0.6189034197943464 -0.3424495745075567
line
 -0.6189034197943464 -0.3424495745075567 0.09418306932298866 -0.636782442820245
delay
0.1
clrscr
line
 0.5046998393709543 0.28435015072699793 -0.11410206347575803 0.6144363098516129
line
 -0.11410206347575803 0.6144363098516129 -0.379703302496659 0.359667565798817
line
 -0.379703302496659 0.359667565798817 0.6331999033054734 -0.1468709885981616
line
 0.6331999033054734 -0.1468709885981616 0.5046998393709543 0.28435015072699793
line
 0.12265921900827247 -0.6605163447612493 0.6331999033054734 -0.1468709885981616
line
 0.6331999033054734 -0.1468709885981616 -0.379703302496659 0.359667565798817
line
 -0.379703302496659 0.359667565798817 -0.6099186852609251 -0.34363091991730377
line
 -0.6099186852609251 -0.34363091991730377 0.12265921900827247 -0.6605163447612493
delay
0.1
clrscr
line
 0.5143335188112991 0.29919431871391267 -0.12375511637624999 0.5763244695428925
line
 -0.12375511637624999 0.5763244695428925 -0.45942058042316 0.3980710050767005
line
 -0.45942058042316 0.3980710050767005 0.5898363014627774 -0.061183651143701834
line
 0.5898363014627774 -0.061183651143701834 0.5143335188112991 0.29919431871391267
line
 0.14594715661121832 -0.6796722436875028 0.5898363014627774 -0.061183651143701834
line
 0.5898363014627774 -0.061183651143701834 -0.45942058042316 0.3980710050767005
line
 -0.45942058042316 0.3980710050767005 -0.5979166393520305 -0.3478156779906
line
 -0.5979166393520305 -0.3478156779906 0.14594715661121832 -0.6796722436875028
delay
0.1
clrscr
line
 0.5207319755612334 0.31669922894407104 -0.12574270366059695 0.5355269358237785
line
 -0.12574270366059695 0.5355269358237785 -0.5205505977912556 0.4183777580335879
line
 -0.5205505977912556 0.4183777580335879 0.5247088359088753 0.03589768274170667
line
 0.5247088359088753 0.03589768274170667 0.5207319755612334 0.31669922894407104
line
 0.16274904324372264 -0.6931336284275713 0.5247088359088753 0.03589768274170667
line
 0.5247088359088753 0.03589768274170667 -0.5205505977912556 0.4183777580335879
line
 -0.5205505977912556 0.4183777580335879 -0.5832925544826799 -0.35474737662189104
line
 -0.5832925544826799 -0.35474737662189104 0.16274904324372264 -0.6931336284275713
delay
0.1
clrscr
line
 0.3330690140368209 -0.24980432644246145 0.5235743599875669 0.33659719864294874
line
 0.5235743599875669 0.33659719864294874 0.4389244617938805 0.14014154243031474
line
 0.4389244617938805 0.14014154243031474 0.17158738207805654 -0.6996342031587842
line
 0.17158738207805654 -0.6996342031587842 0.3330690140368209 -0.24980432644246145
line
 0.5235743599875669 0.33659719864294874 -0.12092575922087091 0.4930653767733227
line
 -0.12092575922087091 0.4930653767733227 -0.5634463036354873 0.4225890684343198
line
 -0.5634463036354873 0.4225890684343198 0.4389244617938805 0.14014154243031474
line
 0.4389244617938805 0.14014154243031474 0.5235743599875669 0.33659719864294874
line
 0.17158738207805654 -0.6996342031587842 0.4389244617938805 0.14014154243031474
line
 0.4389244617938805 0.14014154243031474 -0.5634463036354873 0.4225890684343198
line
 -0.5634463036354873 0.4225890684343198 -0.5664386119129746 -0.36415390925108565
line
 -0.5664386119129746 -0.36415390925108565 0.17158738207805654 -0.6996342031587842
delay
0.1
clrscr
line
 0.3870329467961597 -0.271290906854043 0.5226117078622442 0.35852332451604185
line
 0.5226117078622442 0.35852332451604185 0.3358778388364792 0.24587921722252273
line
 0.3358778388364792 0.24587921722252273 0.17085841053609463 -0.6978059351984675
line
 0.17085841053609463 -0.6978059351984675 0.3870329467961597 -0.271290906854043
line
 0.5226117078622442 0.35852332451604185 -0.11012659014020697 0.44977000536225387
line
 -0.11012659014020697 0.44977000536225387 -0.5895800348560437 0.41326637342679434
line
 -0.5895800348560437 0.41326637342679434 0.3358778388364792 0.24587921722252273
line
 0.3358778388364792 0.24587921722252273 0.5226117078622442 0.35852332451604185
line
 0.17085841053609463 -0.6978059351984675 0.3358778388364792 0.24587921722252273
line
 0.3358778388364792 0.24587921722252273 -0.5895800348560437 0.41326637342679434
line
 -0.5895800348560437 0.41326637342679434 -0.5477346191709704 -0.3757582037742394
line
 -0.5477346191709704 -0.3757582037742394 0.17085841053609463 -0.6978059351984675
delay
0.1
clrscr
line
 0.44043944401153845 -0.2880570395876955 0.5176903824246882 0.3820153518890778
line
 0.5176903824246882 0.3820153518890778 0.22109090286745933 0.34670006889503824
line
 0.22109090286745933 0.34670006889503824 0.1589387941124145 -0.6862731637055879
line
 0.1589387941124145 -0.6862731637055879 0.44043944401153845 -0.2880570395876955
line
 0.5176903824246882 0.3820153518890778 -0.09409870408066351 0.40630366997976863
line
 -0.09409870408066351 0.40630366997976863 -0.6010195675941303 0.3930799562332263
line
 -0.6010195675941303 0.3930799562332263 0.22109090286745933 0.34670006889503824
line
 0.22109090286745933 0.34670006889503824 0.5176903824246882 0.3820153518890778
line
 0.1589387941124145 -0.6862731637055879 0.22109090286745933 0.34670006889503824
line
 0.22109090286745933 0.34670006889503824 -0.6010195675941303 0.3930799562332263
line
 -0.6010195675941303 0.3930799562332263 -0.527542650284825 -0.38928556146080606
line
 -0.527542650284825 -0.38928556146080606 0.1589387941124145 -0.6862731637055879
delay
0.1
clrscr
line
 0.4925079858457067 -0.29920149339557595 0.508773763470554 0.4065207278144152
line
 0.508773763470554 0.4065207278144152 0.10149614492438261 0.43644432081854584
line
 0.10149614492438261 0.43644432081854584 0.1343596474047598 -0.6638044469870661
line
 0.1343596474047598 -0.6638044469870661 0.4925079858457067 -0.29920149339557595
line
 0.508773763470554 0.4065207278144152 -0.07351272225774338 0.36318993751011003
line
 -0.07351272225774338 0.36318993751011003 -0.6000222405036075 0.364517034421207
line
 -0.6000222405036075 0.364517034421207 0.10149614492438261 0.43644432081854584
line
 0.1343596474047598 -0.6638044469870661 0.10149614492438261 0.43644432081854584
line
 0.10149614492438261 0.43644432081854584 -0.6000222405036075 0.364517034421207
line
 -0.6000222405036075 0.364517034421207 -0.5062048460701996 -0.40446810984102854
line
 -0.5062048460701996 -0.40446810984102854 0.1343596474047598 -0.6638044469870661
delay
0.1
clrscr
line
 0.5421955112750256 -0.3036492235857391 0.4959593863036242 0.43141183060342614
line
 0.4959593863036242 0.43141183060342614 -0.01566359626158112 0.5101944665887876
line
 -0.01566359626158112 0.5101944665887876 0.09605145380797238 -0.6295245636684634
line
 0.09605145380797238 -0.6295245636684634 0.5421955112750256 -0.3036492235857391
line
 0.09605145380797238 -0.6295245636684634 -0.01566359626158112 0.5101944665887876
line
 -0.01566359626158112 0.5101944665887876 -0.5887685028172035 0.32973179422265114
line
 -0.5887685028172035 0.32973179422265114 -0.48404363272967815 -0.42104687491488046
line
 -0.48404363272967815 -0.42104687491488046 0.09605145380797238 -0.6295245636684634
delay
0.1
clrscr
line
 0.5881367729554741 -0.300153896772263 0.4794886916352612 0.4560094252516933
line
 0.4794886916352612 0.4560094252516933 -0.12396747620859863 0.564944438588078
line
 -0.12396747620859863 0.564944438588078 0.04364145663604748 -0.5831699302236599
line
 0.04364145663604748 -0.5831699302236599 0.5881367729554741 -0.300153896772263
line
 0.04364145663604748 -0.5831699302236599 -0.12396747620859863 0.564944438588078
line
 -0.12396747620859863 0.564944438588078 -0.5692151021662004 0.2904972769484379
line
 -0.5692151021662004 0.2904972769484379 -0.4613637001858898 -0.43877196568756477
line
 -0.4613637001858898 -0.43877196568756477 0.04364145663604748 -0.5831699302236599
delay
0.1
clrscr
line
 0.6285902692106072 -0.28732626360610597 0.4597470277732424 0.4796131955581655
line
 0.4597470277732424 0.4796131955581655 -0.2186324714235274 0.5997712896876453
line
 -0.2186324714235274 0.5997712896876453 -0.022247449218722275 -0.525342691064842
line
 -0.022247449218722275 -0.525342691064842 0.6285902692106072 -0.28732626360610597
line
 -0.022247449218722275 -0.525342691064842 -0.2186324714235274 0.5997712896876453
line
 -0.2186324714235274 0.5997712896876453 -0.5430341482684382 0.2482188803661194
line
 -0.5430341482684382 0.2482188803661194 -0.4384551880450224 -0.4574013123387691
line
 -0.4384551880450224 -0.4574013123387691 -0.022247449218722275 -0.525342691064842
delay
0.1
clrscr
line
 0.6614058571886419 -0.2637042850947264 0.4372525749877044 0.5015369633061313
line
 0.4372525749877044 0.5015369633061313 -0.2968368345012724 0.6155496282773262
line
 -0.2968368345012724 0.6155496282773262 -0.09978044471430102 -0.4576906383764568
line
 -0.09978044471430102 -0.4576906383764568 0.6614058571886419 -0.2637042850947264
line
 0.16459440199003172 -0.3413189038069281 0.6614058571886419 -0.2637042850947264
line
 0.6614058571886419 -0.2637042850947264 -0.09978044471430102 -0.4576906383764568
line
 -0.4155976311052891 -0.476698333606451 0.16459440199003172 -0.3413189038069281
line
 -0.09978044471430102 -0.4576906383764568 -0.2968368345012724 0.6155496282773262
line
 -0.2968368345012724 0.6155496282773262 -0.5116059279191573 0.20397865245040694
line
 -0.5116059279191573 0.20397865245040694 -0.4155976311052891 -0.476698333606451
line
 -0.4155976311052891 -0.476698333606451 -0.09978044471430102 -0.4576906383764568
delay
0.1
clrscr
line
 0.6840398726179436 -0.2278840448933557 0.4126343144013372 0.5211452052863574
line
 0.4126343144013372 0.5211452052863574 -0.35759081972478773 0.6144003381477506
line
 -0.35759081972478773 0.6144003381477506 -0.18587494246995148 -0.3829292773411599
line
 -0.18587494246995148 -0.3829292773411599 0.6840398726179436 -0.2278840448933557
line
 0.21772565980911077 -0.37408879543695667 0.6840398726179436 -0.2278840448933557
line
 0.6840398726179436 -0.2278840448933557 -0.18587494246995148 -0.3829292773411599
line
 -0.18587494246995148 -0.3829292773411599 -0.39306430254587976 -0.49642884629748957
line
 -0.39306430254587976 -0.49642884629748957 0.21772565980911077 -0.37408879543695667
line
 -0.18587494246995148 -0.3829292773411599 -0.35759081972478773 0.6144003381477506
line
 -0.35759081972478773 0.6144003381477506 -0.47604099968081454 0.15859038761462832
line
 -0.47604099968081454 0.15859038761462832 -0.39306430254587976 -0.49642884629748957
line
 -0.39306430254587976 -0.49642884629748957 -0.18587494246995148 -0.3829292773411599
delay
0.1
clrscr
